a <- 2*0.2118*0.1626
b <- 0.2628*0.2628
c <- 2*0.1378*0.0689
d <- 2*0.5*0.5
e <- 2*0.3393*0.2015
f <- 2*0.1811*0.2321
g <- 0.0918*0.0918
h <- 2*0.3538*0.1462
i <- 2*0.0765*0.3087
j <- 2*0.2020*0.4404
  
Probabilidad_genotipica <- a*b*c*d*e*f*g*h*i*j